
55.079014
61.730457
55.027851
61.858364
55.181347
62.011860
55.155766
61.756031
55.258091
62.267685
55.437168
61.756031
55.206924
61.628117
55.053429
61.756031
44.871616
50.883495
44.897198
59.530361
55.283672
61.781616
55.079014
61.781616
55.130180
61.807198
55.130180
61.858364
55.181347
61.781616
55.053429
61.756031
55.155766
61.704868
55.130180
65.977142
66.412041
66.463211
66.412041
66.539948
66.258545
66.028297
66.002724
66.309708
66.770195
66.207382
66.130630
66.028297
66.360870
65.977142
65.951553
66.335289
66.360870
65.746895
66.437622
66.105049
66.105049
66.130630
66.258545
66.309708
66.309708
66.156219
65.925972
66.565536
66.412041
66.616699
65.951553
66.053886
66.002724
66.156219
66.079468
65.798065
66.360870
65.925972
66.028297
66.335289
66.181801
66.437622
66.309708
66.232964
66.156219
65.772476
66.156219
66.309708
66.207382
65.900391
66.770195
66.514366
66.335289
66.207382
66.360870
66.335289
66.770195
66.565536
66.232964
66.719025
66.667862
66.335289
66.181801
66.642281
66.565536
66.232964
66.591118
66.488785
66.335289
66.335289
66.949272
66.795776
66.437622
66.437622
66.232964
66.437622
66.284134
66.232964
66.309708
66.642281
66.258545
66.744614
66.488785
66.667862
66.309708
66.591118
66.539948
66.386459
69.021446
66.514366
66.360870
69.251694
66.437622
66.309708
66.412041
66.565536
66.463211
66.360870
66.258545
66.130630
66.412041
66.207382
67.230675
67.077187
66.770195
66.335289
66.488785
66.463211
69.149361
66.463211
66.488785
66.207382
66.616699
66.002724
69.328438
66.232964
66.360870
66.284134
66.284134
66.335289
66.309708
66.309708
66.258545
66.156219
66.309708
66.360870
66.591118
66.130630
66.412041
66.463211
66.667862
67.000435
66.667862
66.335289
68.663300
66.232964
66.744614
66.821358
68.893539
66.514366
66.539948
66.539948
66.539948
66.642281
66.181801
66.437622
66.386459
66.565536
66.284134
66.207382
66.872528
66.539948
66.795776
66.846939
65.823639
66.232964
66.002724
66.105049
66.105049
66.565536
66.053886
66.463211
66.181801
66.028297
66.642281
66.386459
66.539948
66.360870
66.412041
66.488785
66.463211
66.360870
66.719025
66.591118
66.284134
66.463211
65.849228
66.156219
66.181801
66.386459
66.463211
66.437622
66.002724
66.258545
66.258545
66.386459
66.335289
66.156219
66.232964
66.412041
66.258545
66.463211
66.309708
66.667862
66.258545
66.463211
66.284134
66.309708
66.412041
66.207382
66.591118
66.872528
66.463211
66.232964
66.591118
66.130630
66.565536
66.591118
66.053886
66.437622
66.079468
66.488785
66.667862
66.207382
66.335289
66.207382
66.463211
66.514366
66.591118
66.693451
66.386459
66.130630
66.437622
66.386459
66.105049
66.514366
66.565536
66.258545
66.053886
66.181801
67.179520
66.616699
66.412041
66.284134
66.156219
66.565536
66.130630
66.642281
66.437622
66.642281
66.360870
66.667862
66.053886
66.872528
68.330719